24
32
69
71
75
85
92
95
98
106
107
113
116
127
129
141
142
143
147
151
157
169
180
195
203
210
213
219
228
229
231
233
243
244
246
248
256
259
266
271
275
278
280
284
288
290
291
292
320
321
324
328
332
336
337
344
350
358
364
366
367
369
372
373
375
377
379
385
390
392
395
397
398
404
405
408
413
415
416
417
418
419
420
421
423
424
425
426
427
428
429
430
431
432
433
434
435
436
437
438
439
440
441
442
443
444
445
447
448
449
450
453
454
455
456
457
458
459
460
461
462
463
464
465
466
467
468
469
470
471
472
473
474
475
476
477
478
479
480
481
482
483
484
485
486
487
488
